 12  3 LoadDatas: 
LoadData:   1.0000000e-01  0.0000000e00  1.4000000e02 
LoadData:   4.0000000e07  0.0000000e00  1.4000000e02 
